and2:2:1
0,10
0,30
50,20
and3:3:1
0,10
0,20
0,30
50,20
and4:4:1
0,10
0,20
0,40
0,50
60,30
button:0:1
50,20
dflipflop:2:2
0,10
0,30
60,10
60,30
ground:0:1
20,0
hexdigit:4:0
0,10
0,30
40,30
40,10
jkflipflop:5:2
0,20
0,30
0,40
30,0
30,60
60,20
60,40
LED:1:0
0,20
nand2:2:1
0,10
0,30
60,20
nand3:3:1
0,10
0,20
0,30
60,20
nand4:4:1
0,10
0,20
0,40
0,50
70,30
nor2:2:1
0,10
0,30
60,20
nor3:3:1
0,10
0,20
0,30
60,20
nor4:4:1
0,10
0,20
0,40
0,50
70,30
not:1:1
0,20
50,20
or2:2:1
0,10
0,30
50,20
or3:3:1
0,10
0,20
0,30
50,20
or4:4:1
0,10
0,20
0,40
0,50
60,30
switch:0:1
40,20
vcc:0:1
20,0
xor2:2:1
0,10
0,30
60,20
